Some((
    red: 0.3882353,
    green: 0.8156863,
    blue: 0.8745098,
))