Some((
    red: 0.10588235,
    green: 0.10588235,
    blue: 0.10588235,
    alpha: 1.0,
))