Some((
    red: 0.16309828,
    green: 0.056616597,
    blue: 0.056616597,
    alpha: 1.0,
))