Some((
    red: 0.0,
    green: 0.32156864,
    blue: 0.3529412,
))