Some((
    red: 0.8666667,
    green: 0.8666667,
    blue: 0.8666667,
    alpha: 1.0,
))