Some((
    red: 0.84313725,
    green: 0.84313725,
    blue: 0.84313725,
    alpha: 1.0,
))